%YAML:1.0
---
opencv_fisherfaces:
   threshold: 3000.
   num_components: 1
   mean: !!opencv-matrix
      rows: 1
      cols: 576
      dt: d
      data: [ 1.4054545454545456e+02, 1.2904545454545456e+02,
          1.4172727272727272e+02, 1.3695454545454547e+02,
          1.4404545454545456e+02, 1.3450000000000000e+02,
          1.3450000000000000e+02, 1.2922727272727272e+02, 127.,
          1.0786363636363636e+02, 1.1336363636363636e+02,
          1.1740909090909091e+02, 1.2650000000000000e+02,
          1.2431818181818183e+02, 1.3540909090909091e+02,
          1.3340909090909091e+02, 1.2504545454545455e+02,
          1.2527272727272728e+02, 1.2977272727272728e+02,
          1.2504545454545455e+02, 1.4445454545454547e+02,
          1.4109090909090909e+02, 1.3040909090909091e+02,
          1.3227272727272728e+02, 1.4586363636363637e+02,
          1.3754545454545456e+02, 1.3609090909090909e+02,
          1.3477272727272728e+02, 131., 1.2986363636363637e+02,
          1.2513636363636364e+02, 1.2431818181818183e+02,
          1.0318181818181819e+02, 9.6136363636363640e+01,
          9.6409090909090907e+01, 1.1554545454545455e+02,
          1.1772727272727273e+02, 1.3059090909090909e+02,
          1.3745454545454547e+02, 1.4109090909090909e+02,
          1.3695454545454547e+02, 1.2613636363636364e+02,
          1.2427272727272728e+02, 1.2736363636363637e+02,
          1.2563636363636364e+02, 1.2981818181818181e+02,
          1.2086363636363637e+02, 1.2609090909090909e+02,
          1.4181818181818181e+02, 1.3640909090909091e+02,
          1.2604545454545455e+02, 1.3009090909090909e+02,
          1.3295454545454547e+02, 1.2772727272727273e+02,
          1.1972727272727273e+02, 1.0104545454545455e+02,
          9.1681818181818187e+01, 9.6272727272727280e+01,
          9.2409090909090907e+01, 9.7636363636363640e+01,
          1.1254545454545455e+02, 1.2472727272727273e+02,
          1.2736363636363637e+02, 1.3795454545454547e+02,
          1.3277272727272728e+02, 1.3036363636363637e+02,
          1.2563636363636364e+02, 1.2363636363636364e+02,
          1.2431818181818183e+02, 1.2840909090909091e+02,
          1.3268181818181819e+02, 1.2822727272727272e+02, 130.,
          1.3136363636363637e+02, 1.3668181818181819e+02,
          1.4263636363636365e+02, 1.2104545454545455e+02,
          1.2345454545454545e+02, 1.0254545454545455e+02,
          1.0450000000000000e+02, 9.2363636363636360e+01,
          9.1818181818181827e+01, 9.9863636363636360e+01, 112.,
          1.1545454545454545e+02, 1.1209090909090909e+02,
          1.2659090909090909e+02, 1.2690909090909091e+02,
          1.3395454545454547e+02, 1.3054545454545456e+02,
          1.2627272727272728e+02, 1.1954545454545455e+02,
          1.1327272727272728e+02, 1.2754545454545455e+02,
          1.3481818181818181e+02, 1.2036363636363637e+02,
          1.2268181818181819e+02, 1.2809090909090909e+02,
          1.2718181818181819e+02, 1.3154545454545456e+02,
          1.1954545454545455e+02, 1.0604545454545455e+02,
          9.9500000000000000e+01, 1.1518181818181819e+02,
          1.1150000000000000e+02, 1.1190909090909091e+02,
          1.2813636363636363e+02, 124., 1.3645454545454547e+02,
          1.3572727272727272e+02, 1.2663636363636364e+02,
          1.2140909090909091e+02, 1.2254545454545455e+02,
          1.2709090909090909e+02, 1.3063636363636363e+02,
          1.2186363636363637e+02, 1.1977272727272728e+02,
          1.2504545454545455e+02, 1.2827272727272728e+02,
          1.2009090909090909e+02, 1.2927272727272728e+02,
          1.3159090909090909e+02, 1.3177272727272728e+02,
          1.3277272727272728e+02, 1.1404545454545455e+02,
          1.0809090909090909e+02, 1.0613636363636364e+02,
          1.1672727272727273e+02, 1.1440909090909091e+02,
          1.1272727272727273e+02, 1.3804545454545456e+02,
          1.3059090909090909e+02, 1.4031818181818181e+02,
          1.3318181818181819e+02, 1.2295454545454545e+02,
          1.1881818181818183e+02, 1.2404545454545455e+02,
          1.3186363636363637e+02, 1.3504545454545456e+02,
          1.2763636363636364e+02, 1.1522727272727273e+02,
          1.2477272727272728e+02, 1.2581818181818183e+02,
          1.1922727272727273e+02, 1.3704545454545456e+02,
          1.3359090909090909e+02, 1.3177272727272728e+02,
          1.2963636363636363e+02, 1.2877272727272728e+02, 133.,
          1.2722727272727273e+02, 1.4327272727272728e+02,
          1.1854545454545455e+02, 1.1231818181818183e+02,
          1.2536363636363637e+02, 1.3268181818181819e+02,
          1.2722727272727273e+02, 1.2650000000000000e+02,
          1.1222727272727273e+02, 1.1286363636363636e+02,
          1.1559090909090909e+02, 1.3836363636363637e+02,
          1.3086363636363637e+02, 1.2304545454545455e+02,
          1.1731818181818183e+02, 1.3295454545454547e+02,
          1.2509090909090909e+02, 1.1509090909090909e+02,
          1.3604545454545456e+02, 1.2677272727272728e+02,
          1.2718181818181819e+02, 1.2490909090909091e+02, 124.,
          1.4195454545454547e+02, 1.3240909090909091e+02,
          1.3177272727272728e+02, 1.0709090909090909e+02,
          1.2345454545454545e+02, 1.2981818181818181e+02,
          1.3436363636363637e+02, 1.3140909090909091e+02,
          1.4577272727272728e+02, 1.2854545454545456e+02,
          1.2713636363636364e+02, 1.1740909090909091e+02,
          1.3127272727272728e+02, 1.2695454545454545e+02,
          1.1609090909090909e+02, 1.2822727272727272e+02,
          1.3327272727272728e+02, 1.3377272727272728e+02,
          1.3059090909090909e+02, 1.3231818181818181e+02,
          1.3218181818181819e+02, 1.2463636363636364e+02,
          1.3627272727272728e+02, 1.2759090909090909e+02,
          1.2368181818181819e+02, 1.0972727272727273e+02,
          1.1727272727272728e+02, 1.0718181818181819e+02,
          1.2136363636363637e+02, 1.3159090909090909e+02,
          1.3568181818181819e+02, 1.4350000000000000e+02,
          1.2545454545454545e+02, 1.2127272727272728e+02,
          1.1650000000000000e+02, 1.2359090909090909e+02,
          1.2631818181818183e+02, 1.2122727272727273e+02,
          1.1622727272727273e+02, 1.2709090909090909e+02,
          1.3118181818181819e+02, 1.3636363636363637e+02,
          1.1586363636363636e+02, 1.2872727272727272e+02,
          1.2995454545454547e+02, 1.2518181818181819e+02,
          1.3513636363636363e+02, 1.3795454545454547e+02,
          1.1227272727272728e+02, 1.0822727272727273e+02,
          1.2577272727272728e+02, 1.1650000000000000e+02,
          1.1618181818181819e+02, 1.2127272727272728e+02,
          1.3490909090909091e+02, 1.3195454545454547e+02,
          1.2681818181818183e+02, 1.4031818181818181e+02,
          1.2259090909090909e+02, 1.3231818181818181e+02,
          1.2368181818181819e+02, 1.1704545454545455e+02,
          1.1450000000000000e+02, 1.1627272727272728e+02,
          1.2531818181818183e+02, 1.2722727272727273e+02,
          1.2481818181818183e+02, 1.2436363636363637e+02,
          1.3009090909090909e+02, 134., 1.3768181818181819e+02,
          1.1922727272727273e+02, 7.9090909090909093e+01,
          9.9545454545454547e+01, 1.1345454545454545e+02,
          1.0827272727272728e+02, 1.1790909090909091e+02,
          1.3490909090909091e+02, 1.3636363636363637e+02,
          1.3231818181818181e+02, 1.2109090909090909e+02,
          1.3868181818181819e+02, 1.1754545454545455e+02,
          1.2554545454545455e+02, 1.2409090909090909e+02,
          1.1277272727272728e+02, 1.1613636363636364e+02,
          1.0368181818181819e+02, 1.0509090909090909e+02,
          1.0340909090909091e+02, 1.0531818181818183e+02,
          1.2131818181818183e+02, 1.2863636363636363e+02,
          1.3690909090909091e+02, 1.5859090909090909e+02,
          1.3213636363636363e+02, 1.1272727272727273e+02,
          1.2081818181818183e+02, 1.2181818181818183e+02,
          1.1372727272727273e+02, 1.2486363636363637e+02,
          1.4536363636363637e+02, 1.3572727272727272e+02,
